83,1
83,3
87,1
87,3
98,52
98,51
98,50
98,49
98,48
98,47
98,46
98,45
98,44
98,43
98,42
98,41
98,40
98,39
98,38
98,37
98,36
0,273
0,270
98,35
10,138
10,220
10,286
10,256
10,22
10,8
10,182
10,88
10,2
10,3
11,16
9,4
9,6
9,2
9,3
8,6
8,17
8,4
8,12
8,11
8,2
8,3
2,2
2,1
2,3
91,4
91,1
90,5
90,3
90,1
89,4
89,3
89,1
88,3
88,1
85,30
85,29
85,28
85,27
85,26
85,25
85,23
85,22
85,21
85,20
85,19
85,18
85,17
85,16
85,15
85,14
85,13
85,12
85,11
85,10
85,9
85,8
85,7
85,6
85,5
85,4
85,3
85,1
84,3
84,1
82,6
82,5
82,4
82,3
82,1
20,3
20,2
20,1
19,3
19,2
19,1
18,3
18,1
14,3
14,1
13,3
13,1
12,3
12,2
12,1
11,28
11,27
11,26
11,25
11,24
11,23
11,22
11,21
11,20
11,19
11,18
11,17
11,15
11,14
11,13
11,11
11,10
11,9
11,8
11,7
11,6
11,5
11,4
11,3
11,2
11,1
10,303
10,302
10,301
10,300
10,299
10,298
10,297
10,296
10,295
10,294
10,293
10,292
10,291
10,290
10,289
10,288
10,287
10,245
10,221
10,209
10,163
10,155
10,87
10,35
10,1
10,29
9,7
9,5
9,1
8,15
8,14
8,13
8,10
8,1
